I am using gpu cuda:0
in epoch 0
0.712780202805996
finish train
this is after one epoch
f1_list_val [[0.034436669549492885, 0.39119662794813215, 0.6573937327139443, 0.671537695117901]]
roc_auc_list_val [[0.5, 0.5, 0.5, 0.5]]
in epoch 1
0.713122952067852
finish train
this is after one epoch
f1_list_val [[0.034436669549492885, 0.39119662794813215, 0.6573937327139443, 0.671537695117901], [0.03269658279396431, 0.39189515156388194, 0.6554621848739496, 0.6702304490631773]]
roc_auc_list_val [[0.5, 0.5, 0.5, 0.5], [0.5, 0.5, 0.5, 0.5]]
in epoch 2
0.7130225783705711
finish train
this is after one epoch
f1_list_val [[0.034436669549492885, 0.39119662794813215, 0.6573937327139443, 0.671537695117901], [0.03269658279396431, 0.39189515156388194, 0.6554621848739496, 0.6702304490631773], [0.03327695393934626, 0.39380651793315025, 0.6566001235927885, 0.6711316642747036]]
roc_auc_list_val [[0.5, 0.5, 0.5, 0.5], [0.5, 0.5, 0.5, 0.5], [0.5, 0.5, 0.5, 0.5]]
in epoch 3
0.7125492931246757
finish train
this is after one epoch
f1_list_val [[0.034436669549492885, 0.39119662794813215, 0.6573937327139443, 0.671537695117901], [0.03269658279396431, 0.39189515156388194, 0.6554621848739496, 0.6702304490631773], [0.03327695393934626, 0.39380651793315025, 0.6566001235927885, 0.6711316642747036], [0.033470334900001966, 0.39184342987633275, 0.6549015387926396, 0.6692925959440038]]
roc_auc_list_val [[0.5, 0.5, 0.5, 0.5], [0.5, 0.5, 0.5, 0.5], [0.5, 0.5, 0.5, 0.5], [0.5, 0.5, 0.5, 0.5]]
in epoch 4
0.7128649994373322
finish train
this is after one epoch
f1_list_val [[0.034436669549492885, 0.39119662794813215, 0.6573937327139443, 0.671537695117901], [0.03269658279396431, 0.39189515156388194, 0.6554621848739496, 0.6702304490631773], [0.03327695393934626, 0.39380651793315025, 0.6566001235927885, 0.6711316642747036], [0.033470334900001966, 0.39184342987633275, 0.6549015387926396, 0.6692925959440038], [0.034436669549492885, 0.3924638706254923, 0.6543766399784701, 0.6687788708582383]]
roc_auc_list_val [[0.5, 0.5, 0.5, 0.5], [0.5, 0.5, 0.5, 0.5], [0.5, 0.5, 0.5, 0.5], [0.5, 0.5, 0.5, 0.5], [0.5, 0.5, 0.5, 0.5]]
in epoch 5
0.7129015944600106
finish train
this is after one epoch
f1_list_val [[0.034436669549492885, 0.39119662794813215, 0.6573937327139443, 0.671537695117901], [0.03269658279396431, 0.39189515156388194, 0.6554621848739496, 0.6702304490631773], [0.03327695393934626, 0.39380651793315025, 0.6566001235927885, 0.6711316642747036], [0.033470334900001966, 0.39184342987633275, 0.6549015387926396, 0.6692925959440038], [0.034436669549492885, 0.3924638706254923, 0.6543766399784701, 0.6687788708582383], [0.033470334900001966, 0.38769488738048785, 0.6560404263039767, 0.669929772291977]]
roc_auc_list_val [[0.5, 0.5, 0.5, 0.5], [0.5, 0.5, 0.5, 0.5], [0.5, 0.5, 0.5, 0.5], [0.5, 0.5, 0.5, 0.5], [0.5, 0.5, 0.5, 0.5], [0.5, 0.5, 0.5, 0.5]]
in epoch 6
0.7129977385044098
finish train
this is after one epoch
f1_list_val [[0.034436669549492885, 0.39119662794813215, 0.6573937327139443, 0.671537695117901], [0.03269658279396431, 0.39189515156388194, 0.6554621848739496, 0.6702304490631773], [0.03327695393934626, 0.39380651793315025, 0.6566001235927885, 0.6711316642747036], [0.033470334900001966, 0.39184342987633275, 0.6549015387926396, 0.6692925959440038], [0.034436669549492885, 0.3924638706254923, 0.6543766399784701, 0.6687788708582383], [0.033470334900001966, 0.38769488738048785, 0.6560404263039767, 0.669929772291977], [0.03517044896355241, 0.393909705603649, 0.6559862372990699, 0.6710080404013555]]
roc_auc_list_val [[0.5, 0.5, 0.5, 0.5], [0.5, 0.5, 0.5, 0.5], [0.5, 0.5, 0.5, 0.5], [0.5, 0.5, 0.5, 0.5], [0.5, 0.5, 0.5, 0.5], [0.5, 0.5, 0.5, 0.5], [0.5, 0.5, 0.5, 0.5]]
in epoch 7
0.712938042986393
finish train
this is after one epoch
f1_list_val [[0.034436669549492885, 0.39119662794813215, 0.6573937327139443, 0.671537695117901], [0.03269658279396431, 0.39189515156388194, 0.6554621848739496, 0.6702304490631773], [0.03327695393934626, 0.39380651793315025, 0.6566001235927885, 0.6711316642747036], [0.033470334900001966, 0.39184342987633275, 0.6549015387926396, 0.6692925959440038], [0.034436669549492885, 0.3924638706254923, 0.6543766399784701, 0.6687788708582383], [0.033470334900001966, 0.38769488738048785, 0.6560404263039767, 0.669929772291977], [0.03517044896355241, 0.393909705603649, 0.6559862372990699, 0.6710080404013555], [0.03335431088735053, 0.39478626579129006, 0.6574658325054373, 0.6716965092184263]]
roc_auc_list_val [[0.5, 0.5, 0.5, 0.5], [0.5, 0.5, 0.5, 0.5], [0.5, 0.5, 0.5, 0.5], [0.5, 0.5, 0.5, 0.5], [0.5, 0.5, 0.5, 0.5], [0.5, 0.5, 0.5, 0.5], [0.5, 0.5, 0.5, 0.5], [0.5, 0.5, 0.5, 0.5]]
in epoch 8
0.7129212942123413
finish train
this is after one epoch
f1_list_val [[0.034436669549492885, 0.39119662794813215, 0.6573937327139443, 0.671537695117901], [0.03269658279396431, 0.39189515156388194, 0.6554621848739496, 0.6702304490631773], [0.03327695393934626, 0.39380651793315025, 0.6566001235927885, 0.6711316642747036], [0.033470334900001966, 0.39184342987633275, 0.6549015387926396, 0.6692925959440038], [0.034436669549492885, 0.3924638706254923, 0.6543766399784701, 0.6687788708582383], [0.033470334900001966, 0.38769488738048785, 0.6560404263039767, 0.669929772291977], [0.03517044896355241, 0.393909705603649, 0.6559862372990699, 0.6710080404013555], [0.03335431088735053, 0.39478626579129006, 0.6574658325054373, 0.6716965092184263], [0.03304484657749803, 0.39060111048523377, 0.6531623747441009, 0.6676082235220444]]
roc_auc_list_val [[0.5, 0.5, 0.5, 0.5], [0.5, 0.5, 0.5, 0.5], [0.5, 0.5, 0.5, 0.5], [0.5, 0.5, 0.5, 0.5], [0.5, 0.5, 0.5, 0.5], [0.5, 0.5, 0.5, 0.5], [0.5, 0.5, 0.5, 0.5], [0.5, 0.5, 0.5, 0.5], [0.5, 0.5, 0.5, 0.5]]
in epoch 9
0.7127075931787491
finish train
this is after one epoch
f1_list_val [[0.034436669549492885, 0.39119662794813215, 0.6573937327139443, 0.671537695117901], [0.03269658279396431, 0.39189515156388194, 0.6554621848739496, 0.6702304490631773], [0.03327695393934626, 0.39380651793315025, 0.6566001235927885, 0.6711316642747036], [0.033470334900001966, 0.39184342987633275, 0.6549015387926396, 0.6692925959440038], [0.034436669549492885, 0.3924638706254923, 0.6543766399784701, 0.6687788708582383], [0.033470334900001966, 0.38769488738048785, 0.6560404263039767, 0.669929772291977], [0.03517044896355241, 0.393909705603649, 0.6559862372990699, 0.6710080404013555], [0.03335431088735053, 0.39478626579129006, 0.6574658325054373, 0.6716965092184263], [0.03304484657749803, 0.39060111048523377, 0.6531623747441009, 0.6676082235220444], [0.03420483585610379, 0.3946831907276901, 0.6538513313410333, 0.6688851913477537]]
roc_auc_list_val [[0.5, 0.5, 0.5, 0.5], [0.5, 0.5, 0.5, 0.5], [0.5, 0.5, 0.5, 0.5], [0.5, 0.5, 0.5, 0.5], [0.5, 0.5, 0.5, 0.5], [0.5, 0.5, 0.5, 0.5], [0.5, 0.5, 0.5, 0.5], [0.5, 0.5, 0.5, 0.5], [0.5, 0.5, 0.5, 0.5], [0.5, 0.5, 0.5, 0.5]]
